193
174
198
181
182
176
164
173
177
185
182
179
165
150
131
111
130
146
160
172
174
164
157
145
155
129
112
108
108
127
123
142
140
143
143
155
128
133
124
126
137
137
160
120
128
128
124
144
166
126
117
110
120
137
131
128
148
110
105
105
107
155
145
146
133
123
146
128
144
155
145
125
93
88
95
107
139
117
126
125
125
96
79
80
79
91
115
120
121
133
156
117
117
107
96
85
72
79
85
91
117
117
124
124
146
175
150
148
102
102
102
90
96
87
82
87
84
128
110
80
112
106
142
86
91
98
92
101
77
89
97
97
152
182
159
145
129
162
196
213
121
96
86
93
96
99
100
91
88
97
108
100
111
91
102
82
98
92
88
93
95
104
117
99
83
103
167
218
202
144
189
226
150
194
214
203
89
77
80
94
106
104
95
91
89
91
96
83
110
85
79
114
91
102
97
88
88
92
110
104
85
73
75
81
99
191
200
146
208
226
221
201
155
187
115
96
71
80
72
81
92
123
128
87
76
83
121
100
108
92
77
88
82
100
94
122
80
68
92
127
130
93
79
76
71
77
71
72
133
185
186
189
219
173
184
190
194
156
78
86
71
74
71
72
79
81
104
124
112
76
76
111
91
83
92
94
76
103
74
101
131
120
121
133
99
81
81
78
72
70
71
70
91
87
103
172
169
124
138
143
136
133
124
142
185
189
85
80
79
71
69
66
77
98
92
91
131
167
173
174
172
92
71
104
72
86
74
88
85
161
150
145
160
183
157
120
147
146
80
66
80
85
75
72
153
210
159
94
136
110
124
128
103
120
128
126
168
186
114
80
76
95
69
90
162
178
170
153
178
148
141
146
173
114
93
83
83
141
145
138
102
125
133
172
191
189
152
134
159
179
182
179
158
86
90
97
100
131
145
164
125
87
123
106
131
134
183
157
150
118
136
76
129
105
109
157
120
142
145
147
161
183
186
170
153
140
207
226
217
197
202
179
153
185
146
101
197
201
208
215
224
225
234
226
187
148
161
180
184
178
161
171
195
157
134
107
88
127
123
84
145
166
182
191
167
136
147
181
183
167
94
91
147
153
138
104
120
171
220
151
170
176
178
138
183
156
205
227
237
234
222
217
195
208
127
110
110
111
165
208
199
216
227
233
228
188
115
152
123
164
179
165
132
178
180
151
118
200
161
104
92
76
96
163
156
123
130
188
125
185
115
125
151
86
73
108
94
96
174
169
175
133
157
143
137
166
170
113
120
92
175
223
220
223
217
204
210
156
111
120
112
116
127
130
146
179
222
209
217
221
227
221
144
94
145
169
153
156
120
103
121
137
177
134
95
101
164
124
78
130
140
103
135
126
100
96
67
96
87
139
134
88
121
162
178
81
74
119
126
121
97
84
106
152
161
204
125
93
208
227
230
227
221
229
229
166
165
169
140
146
191
163
198
189
157
199
221
230
226
222
231
218
162
107
181
178
126
81
104
118
120
94
92
69
78
130
195
151
81
70
113
136
115
78
72
73
69
74
64
128
178
125
72
64
118
158
173
84
81
78
72
91
109
181
96
84
133
169
134
113
186
218
223
199
219
210
210
165
195
208
217
179
182
172
158
223
230
216
184
211
209
209
203
205
206
184
167
107
156
175
111
122
151
136
73
72
77
72
75
135
133
123
68
72
89
151
167
76
79
72
70
68
72
77
74
95
121
163
105
71
68
83
113
139
91
116
91
68
77
115
120
162
158
165
144
158
177
192
208
205
205
205
211
210
210
233
232
206
120
138
120
125
162
226
237
220
210
201
203
201
204
209
209
188
206
135
151
144
111
129
78
71
70
84
162
165
139
118
67
66
71
144
158
117
84
71
79
77
71
71
89
72
74
87
82
79
71
113
187
119
84
68
65
93
159
213
158
77
70
71
83
96
115
137
141
176
216
207
206
203
197
195
195
203
208
220
229
200
117
113
114
113
120
107
162
221
223
205
206
195
195
196
201
206
213
209
192
143
119
111
85
77
73
74
72
109
210
173
119
63
67
84
138
145
137
67
69
76
77
73
81
102
134
171
104
109
80
69
65
65
63
69
105
110
135
122
69
69
145
174
174
88
77
77
101
88
85
72
120
136
185
211
210
207
192
194
200
196
205
207
222
198
128
110
107
157
159
130
118
130
175
205
209
204
200
200
197
191
200
210
210
200
144
100
73
79
101
163
135
84
138
154
152
153
84
79
142
137
107
75
64
65
69
68
68
71
88
111
111
171
179
157
84
78
71
80
70
86
69
64
64
73
88
153
104
111
91
123
88
139
148
144
194
182
88
78
142
157
170
213
212
202
195
197
199
198
197
205
192
172
155
117
130
160
158
152
172
179
124
117
163
130
194
206
203
203
198
203
196
201
209
201
182
209
187
94
159
223
165
135
109
82
81
145
110
120
97
98
64
65
65
64
73
73
76
83
72
75
85
157
188
174
130
78
81
72
83
77
64
67
64
62
65
62
64
80
87
105
168
163
107
85
74
144
178
189
159
185
224
199
181
208
205
200
190
186
205
203
206
203
135
113
142
130
167
191
185
156
175
196
186
189
173
136
107
111
150
207
207
209
202
192
200
197
208
186
172
227
215
147
131
169
154
84
83
172
167
186
112
81
75
66
63
63
64
65
65
63
64
70
86
81
69
73
108
107
87
81
67
67
78
91
69
64
63
63
63
69
75
73
72
67
74
87
134
145
198
156
133
95
145
114
78
173
227
197
172
197
210
204
201
199
209
210
208
155
114
104
117
171
183
191
193
194
188
178
189
189
193
184
181
124
100
108
125
173
209
209
210
206
206
210
197
165
169
230
205
74
78
117
125
154
138
179
155
119
116
83
77
80
94
97
87
70
68
65
64
64
67
82
92
72
64
72
80
69
66
64
68
80
83
67
65
64
84
70
73
75
93
95
121
100
83
96
159
112
135
107
144
151
200
98
92
130
231
221
154
150
195
210
207
210
207
208
180
133
114
101
112
138
165
201
195
183
183
177
165
185
183
195
197
192
148
116
118
112
127
139
177
199
189
201
195
197
155
134
200
238
227
138
135
178
175
102
100
77
105
175
103
84
120
119
100
138
81
77
79
100
104
81
64
64
66
64
64
64
64
62
63
65
68
67
64
67
63
65
91
128
118
110
104
77
148
178
95
108
134
84
112
180
102
76
71
102
154
118
136
210
236
238
181
140
186
218
165
162
192
171
156
144
130
141
141
129
177
191
200
194
188
168
150
156
152
176
194
200
200
192
141
135
170
178
155
167
117
155
185
115
213
208
189
196
239
237
225
126
101
79
88
69
95
102
177
138
95
136
108
83
116
188
93
104
147
117
104
101
74
66
62
64
63
65
66
62
64
64
64
65
64
62
64
65
68
80
79
106
137
137
137
77
160
118
77
93
129
121
130
158
157
141
108
83
68
72
111
164
226
238
235
210
194
215
119
110
121
102
140
158
172
185
130
142
138
190
203
199
191
173
137
137
129
136
163
195
195
202
207
177
151
152
126
193
165
169
127
105
100
80
174
197
210
222
235
224
180
133
136
72
89
151
169
141
193
130
94
156
112
111
77
134
82
88
102
179
184
114
93
97
69
63
64
65
87
66
64
64
65
66
69
87
103
64
64
67
92
90
88
185
203
128
86
78
110
102
75
97
96
155
84
135
202
139
178
142
88
93
103
87
168
208
219
222
169
166
92
103
83
119
164
176
175
162
124
169
158
208
206
201
198
193
175
124
155
144
136
130
190
197
199
199
204
181
152
149
120
182
172
174
121
78
81
93
118
119
201
213
204
112
75
65
67
76
121
174
173
159
175
90
102
112
89
67
64
138
85
95
107
187
187
104
77
79
76
66
64
77
102
79
88
72
64
69
70
72
102
74
95
67
66
70
74
76
80
98
172
151
140
102
103
113
63
67
88
146
79
120
208
162
169
159
91
69
67
65
64
147
199
207
133
153
140
84
70
94
133
170
167
163
121
165
143
201
202
191
193
197
160
127
141
133
178
129
138
128
186
182
186
187
201
181
142
138
125
148
166
139
107
137
133
139
183
152
146
183
156
71
71
70
73
95
124
169
175
183
156
81
101
95
80
66
96
114
129
151
102
134
104
93
84
76
77
71
65
81
80
92
95
68
70
81
67
72
64
80
96
70
70
64
70
75
77
84
104
155
135
110
110
122
139
113
112
94
87
134
78
107
201
208
195
167
128
121
104
73
72
96
152
152
122
162
162
188
185
171
108
136
136
136
120
150
138
196
182
183
187
187
153
129
129
145
192
187
126
135
128
178
174
158
157
181
188
132
134
145
125
125
107
161
201
213
177
152
139
131
160
128
76
93
72
142
170
175
215
237
200
147
80
87
100
112
126
129
127
145
155
139
178
181
139
95
81
78
75
70
65
69
77
80
69
64
65
64
68
68
71
80
83
77
73
64
68
75
78
80
89
105
123
157
193
168
187
145
114
135
175
105
117
78
97
178
186
239
224
189
128
95
69
84
104
131
142
138
130
147
192
219
220
142
112
120
130
137
145
174
178
126
108
115
130
154
133
126
172
152
138
144
119
108
99
100
107
158
149
133
156
124
134
138
216
220
176
167
126
127
161
124
108
70
75
81
113
144
207
235
185
139
140
76
77
119
180
161
116
123
162
178
178
119
100
91
88
85
80
77
75
66
65
70
100
108
124
79
78
72
73
79
83
134
133
120
84
64
66
75
76
79
81
79
79
81
87
99
142
164
109
109
125
179
113
102
74
83
116
168
182
213
173
137
111
87
86
70
117
120
126
94
155
187
186
226
173
150
136
124
159
144
154
102
99
103
110
118
146
140
142
135
162
142
120
119
113
112
110
163
171
128
130
147
161
194
218
165
169
124
101
113
126
72
72
78
127
157
171
188
156
131
150
109
78
78
140
155
129
108
117
145
118
91
80
76
75
77
77
84
80
77
73
65
72
87
121
163
149
88
139
127
181
181
178
128
162
158
122
94
65
68
77
81
93
79
76
74
74
77
83
83
105
124
112
111
127
130
102
89
103
128
101
120
156
212
189
117
72
71
73
92
107
104
84
140
157
191
206
155
151
145
129
153
168
123
129
127
127
137
147
176
144
146
148
140
146
138
138
116
115
177
130
143
141
151
155
219
181
138
106
87
109
115
112
104
88
72
123
201
206
149
102
88
150
148
117
104
108
117
109
98
123
79
80
84
80
76
92
80
89
106
80
75
67
67
105
130
163
153
197
207
182
147
146
170
191
210
194
140
113
84
82
68
72
78
109
129
109
101
102
104
107
105
94
81
101
95
127
128
104
129
199
194
105
108
159
187
190
155
92
99
138
155
126
145
141
109
125
179
230
218
150
146
139
143
148
139
102
130
141
142
128
104
133
119
97
127
145
160
178
110
148
142
143
154
157
183
238
225
173
160
147
153
128
162
184
138
96
133
153
169
145
158
143
169
206
206
118
111
135
116
91
81
95
103
127
122
107
103
139
189
176
100
77
74
64
88
69
96
172
206
199
201
190
104
96
129
196
204
206
174
81
71
73
65
72
75
81
175
212
169
113
95
94
100
73
91
83
86
107
112
118
104
195
197
167
112
129
154
144
130
131
136
134
146
167
129
146
161
158
178
222
228
230
156
151
143
143
156
133
192
198
187
135
113
128
119
117
176
205
209
168
153
164
146
123
147
214
226
231
196
157
148
179
125
131
144
138
95
133
107
138
188
178
80
84
144
145
113
94
102
105
101
89
88
64
76
88
100
101
96
160
160
122
75
76
71
63
68
74
83
213
198
205
155
105
93
94
99
138
195
195
215
176
121
128
67
69
77
72
83
126
123
107
105
107
95
80
73
69
98
100
103
101
93
85
84
93
80
72
96
184
192
115
111
100
97
129
118
113
126
150
137
147
200
236
225
188
142
178
217
178
144
202
215
204
124
87
91
125
201
205
183
156
219
222
197
156
211
233
215
156
130
109
130
119
89
104
98
85
84
114
178
176
110
78
81
84
83
88
113
94
96
98
109
83
69
76
95
126
131
89
116
108
99
76
72
75
79
131
193
168
203
199
192
173
112
97
94
88
114
111
181
194
198
200
183
210
204
158
88
72
75
86
97
112
92
110
120
138
87
72
68
113
101
89
80
114
119
86
121
94
86
80
114
173
158
90
67
87
138
135
96
118
100
100
167
162
218
226
188
176
220
216
197
167
193
207
167
104
199
223
209
194
161
216
216
200
139
197
205
149
178
139
79
114
117
146
181
141
76
75
112
175
117
78
83
114
139
154
91
109
95
79
79
96
75
70
86
140
111
155
76
105
94
88
84
74
71
144
202
206
211
184
214
194
190
155
125
131
80
74
105
129
139
177
203
198
176
204
210
207
202
100
74
81
82
80
96
88
102
160
128
105
76
63
72
78
77
75
95
87
157
149
112
131
84
80
119
170
83
79
121
172
185
146
147
105
112
143
143
144
156
118
156
208
225
221
201
221
226
229
233
234
220
232
229
217
193
121
133
146
129
133
118
87
166
188
174
185
128
100
71
138
127
82
87
145
95
159
176
115
88
84
78
76
85
64
64
97
141
136
154
75
130
85
86
85
80
84
174
208
203
194
133
174
190
185
190
154
128
122
72
76
117
119
119
192
190
187
172
111
123
173
201
175
110
77
83
132
89
100
108
75
163
112
133
88
63
64
80
77
88
88
97
156
197
145
92
150
87
87
137
116
71
104
126
159
183
194
129
89
116
123
161
139
119
218
221
234
219
237
221
236
220
234
236
194
238
236
177
135
155
150
109
103
103
153
158
146
130
101
92
94
141
93
80
153
92
135
167
145
129
98
119
81
85
76
62
76
123
108
159
96
81
136
91
159
113
74
88
92
206
146
121
99
111
169
202
193
137
128
93
99
77
74
118
107
109
150
188
183
181
134
147
103
118
158
132
88
71
81
125
171
99
135
74
131
137
120
95
70
63
86
85
119
107
99
133
158
133
141
96
144
79
103
109
97
89
108
115
143
154
124
141
147
120
146
168
147
229
238
211
187
238
227
235
230
120
205
232
192
153
156
113
130
183
139
167
182
142
127
114
98
84
104
72
117
104
153
113
119
127
132
102
161
99
98
75
64
83
128
108
153
73
107
108
140
139
87
68
83
95
161
107
162
170
161
141
206
200
174
138
134
133
99
81
85
108
116
105
109
146
150
199
188
173
191
188
173
144
167
97
70
75
87
156
112
125
88
80
150
101
99
77
73
105
104
151
123
112
114
141
70
81
117
129
83
71
83
91
133
163
130
150
177
152
157
157
103
129
153
205
210
180
121
152
235
196
131
147
222
224
200
177
159
121
152
146
147
140
136
138
167
121
70
90
64
126
82
82
64
92
100
127
163
192
126
96
100
80
81
108
125
88
83
129
100
166
96
80
70
96
181
175
179
207
204
189
171
204
182
146
99
88
85
96
96
79
81
85
84
94
96
104
142
156
171
176
169
204
199
194
133
189
171
91
74
88
126
129
102
110
80
92
101
91
81
98
96
119
187
185
145
115
122
65
64
72
97
81
65
80
103
137
154
115
123
123
138
155
158
145
220
219
224
226
220
170
120
170
208
218
224
229
229
216
161
172
157
119
104
102
125
140
124
68
81
63
104
75
69
64
118
83
120
167
190
155
112
95
96
84
88
96
78
98
103
97
131
99
80
85
162
182
141
142
187
202
177
135
143
154
119
117
111
110
108
94
80
84
88
87
92
108
112
116
99
121
129
128
97
92
144
187
163
111
134
192
160
82
88
95
88
89
96
93
84
108
94
88
90
103
130
180
149
118
99
90
117
89
79
86
71
65
71
81
127
129
103
107
120
137
168
155
194
234
235
232
208
210
178
172
181
212
236
237
222
169
147
146
119
128
94
96
110
94
64
75
62
86
73
98
121
109
82
108
129
155
159
112
102
85
113
139
126
125
110
87
81
85
83
80
169
189
133
118
82
144
126
105
88
108
109
112
104
112
128
91
89
91
83
105
185
138
91
82
76
130
176
113
118
109
107
143
104
112
111
89
75
117
140
195
156
77
76
79
78
89
173
166
157
116
97
92
105
120
150
151
139
89
79
144
151
101
86
65
67
66
67
83
82
79
111
113
124
143
151
212
233
235
231
200
177
192
226
232
235
216
194
117
95
115
109
84
97
78
70
64
76
64
67
81
147
163
88
83
94
157
136
109
103
90
84
94
115
143
156
104
79
78
76
73
155
198
147
115
76
69
99
109
138
162
134
100
109
108
107
187
123
83
89
151
181
177
183
188
175
126
81
119
181
105
85
118
115
113
163
190
171
146
78
68
74
121
147
187
152
72
73
77
89
103
115
110
95
79
83
89
95
94
189
183
87
83
87
143
84
73
63
88
84
65
64
99
92
87
99
82
88
152
211
224
230
231
208
228
223
226
203
209
154
86
86
78
83
96
69
62
81
112
75
62
77
102
83
78
100
174
197
132
86
87
79
81
80
89
95
96
89
81
73
69
158
187
142
136
78
69
66
102
176
194
176
158
117
129
104
112
97
137
91
94
143
187
184
133
128
191
186
87
75
84
81
113
115
115
111
135
183
193
183
88
69
68
65
80
130
142
191
147
70
73
78
86
90
90
87
86
80
78
83
89
162
186
121
126
76
83
75
63
65
99
118
68
65
76
80
79
108
133
174
214
206
207
209
229
202
210
195
216
215
193
179
116
72
71
67
69
89
128
108
68
64
72
67
113
141
131
147
96
85
80
81
88
86
89
87
81
78
71
68
141
197
144
138
80
66
64
70
73
144
193
209
178
118
110
111
131
83
72
80
92
141
190
129
138
194
168
99
85
75
95
123
101
122
157
206
210
188
89
71
69
64
71
79
143
155
187
149
66
68
76
79
80
80
81
82
80
83
93
100
101
121
133
79
70
63
65
108
153
120
75
74
68
65
105
153
217
210
209
205
217
210
222
207
205
209
221
176
110
77
72
81
83
89
146
121
79
62
63
67
76
110
109
96
87
93
86
79
80
76
77
77
71
65
64
140
190
142
147
83
71
64
67
69
73
111
205
205
205
136
132
151
104
79
105
124
187
201
129
133
204
195
160
94
84
134
204
163
174
205
209
183
83
70
68
67
63
75
88
141
154
189
126
64
63
66
72
74
74
77
81
81
76
91
121
100
76
69
63
62
63
105
113
96
107
80
124
71
86
133
210
216
226
203
210
183
226
210
231
191
88
72
86
80
105
84
85
95
68
67
64
63
67
64
103
103
68
70
71
70
70
67
67
63
63
65
131
191
138
147
85
73
64
63
66
69
75
117
202
208
184
176
197
179
87
112
166
209
189
120
114
214
218
172
88
96
170
182
191
199
194
166
78
70
67
64
62
63
69
88
145
154
183
135
64
63
63
63
64
65
65
68
68
67
82
65
63
63
69
107
112
79
86
94
84
72
83
91
82
166
217
225
225
213
221
226
227
196
144
79
95
77
75
80
86
102
170
193
120
77
66
64
62
64
64
64
64
64
64
62
63
64
70
127
198
156
144
102
67
63
63
63
65
69
73
89
163
194
204
157
169
103
82
119
204
212
131
128
210
165
83
115
110
171
205
197
198
151
89
68
67
63
62
62
63
69
100
146
167
197
123
125
73
68
65
63
63
63
63
63
62
64
68
77
147
162
218
181
101
88
75
87
95
81
115
135
178
223
218
214
144
119
143
98
86
87
106
130
109
161
223
184
206
155
78
66
65
63
63
62
63
62
64
130
113
146
158
199
159
158
100
65
62
63
63
64
65
67
78
185
178
172
207
194
150
111
117
93
198
130
120
127
105
99
104
160
185
200
159
183
146
83
67
65
63
63
62
62
63
107
156
151
184
173
146
165
126
65
63
64
63
62
67
67
73
142
213
208
204
203
173
160
179
141
124
98
149
142
92
155
119
137
152
141
144
162
164
156
145
195
202
177
226
184
105
67
66
62
62
63
65
64
120
202
192
186
197
156
146
119
67
65
65
63
65
70
71
88
146
154
114
191
179
164
91
100
126
130
91
101
120
118
116
104
158
192
169
80
146
135
108
88
78
72
76
78
80
80
115
142
171
201
206
197
195
99
62
64
65
64
64
64
64
87
171
215
162
179
143
164
129
157
118
132
136
142
135
133
88
131
110
106
142
153
152
158
160
179
167
143
102
64
64
64
68
68
65
65
155
194
192
219
190
142
116
86
110
109
76
80
77
96
99
190
131
95
141
204
146
127
96
103
119
111
109
96
81
79
102
159
209
150
91
165
171
130
145
87
89
135
168
134
109
120
193
195
203
199
184
80
65
64
69
70
70
64
130
203
198
158
132
193
141
169
143
142
110
130
90
73
63
123
109
127
155
148
189
191
150
143
209
223
201
127
73
86
76
64
67
65
127
197
201
215
217
172
117
93
182
173
103
108
150
174
156
173
128
177
215
175
107
82
69
77
86
83
79
81
78
120
196
223
208
198
168
142
161
165
135
120
191
147
103
186
203
219
213
205
131
84
66
69
68
77
72
88
185
218
218
192
140
188
156
169
161
154
113
93
67
75
89
131
143
132
159
193
152
163
212
220
199
155
65
64
73
64
67
80
112
181
212
193
191
211
171
189
190
130
158
182
161
142
195
211
210
220
215
161
84
77
94
84
86
89
87
149
189
204
216
208
215
201
109
172
205
172
162
189
212
205
198
197
201
188
157
129
106
64
71
72
63
84
171
202
219
174
163
142
186
177
129
124
86
84
81
116
125
176
163
159
141
166
152
194
176
138
62
65
80
65
116
140
163
162
183
209
184
200
228
212
183
184
207
189
108
163
211
213
209
206
192
188
127
92
86
93
93
144
167
195
204
193
205
199
103
120
181
178
159
186
230
220
188
177
171
130
162
186
164
93
72
69
63
65
133
150
106
177
162
126
185
156
177
141
94
94
130
136
190
132
154
198
113
87
79
65
65
66
69
71
142
215
168
151
126
197
196
202
201
213
173
173
161
165
93
154
181
186
194
180
141
128
104
72
75
85
99
129
181
175
172
157
84
129
124
151
198
162
213
170
168
169
183
122
154
182
153
99
65
64
69
67
66
125
142
192
190
144
142
181
129
102
123
142
112
129
165
205
211
204
140
75
69
67
64
65
130
150
147
123
153
150
163
177
182
169
187
156
104
89
79
95
131
149
160
121
103
92
72
69
89
83
100
159
120
115
71
91
68
113
156
184
187
170
158
132
130
132
135
136
134
83
64
67
85
135
119
194
215
200
191
154
109
79
84
70
71
119
146
154
208
198
179
191
176
78
70
64
103
133
125
110
115
113
116
142
153
206
183
125
88
69
71
93
121
119
125
83
82
68
69
77
97
99
129
109
81
70
96
130
150
216
186
122
119
105
135
73
88
102
87
67
64
84
166
206
173
184
190
185
96
101
70
78
68
64
104
120
184
178
178
206
202
142
69
64
75
71
71
65
90
142
108
119
150
198
168
129
137
96
72
109
107
111
86
103
71
73
83
111
100
167
131
107
146
155
143
203
137
130
120
121
104
63
63
70
67
64
64
99
173
209
185
184
172
178
187
126
64
107
206
192
176
160
172
209
188
137
75
64
63
83
64
64
64
77
113
155
117
138
164
173
151
155
169
191
154
129
106
67
88
183
200
188
182
154
184
182
188
140
139
143
114
69
64
64
65
71
69
66
64
83
137
197
209
149
170
184
200
200
205
193
193
181
203
200
143
70
71
63
70
71
65
64
68
72
67
105
130
125
197
214
199
178
190
186
193
213
131
135
217
169
184
176
168
198
207
141
139
89
68
68
68
68
69
75
74
68
64
68
91
195
204
203
204
204
194
200
207
205
219
205
179
75
69
67
68
75
75
68
64
67
65
77
125
76
182
205
170
144
179
162
166
130
113
120
189
163
124
190
195
127
75
76
78
64
66
68
72
75
72
64
63
68
112
187
213
216
199
205
200
202
211
178
154
71
66
65
66
71
75
74
70
69
72
79
64
67
121
184
185
135
208
185
88
116
205
177
173
195
121
65
65
64
71
68
71
79
73
69
70
68
70
64
81
179
185
184
190
165
135
155
104
77
66
71
71
67
72
69
69
68
70
63
62
64
78
154
204
168
171
129
113
155
187
187
139
80
65
64
65
68
67
66
71
69
70
68
68
67
95
100
96
85
72
81
76
86
69
68
71
71
73
72
65
64
68
65
70
78
145
166
183
165
105
104
183
188
184
135
69
68
64
67
64
68
80
71
72
70
68
78
81
71
69
65
67
90
68
65
67
71
70
84
69
64
64
65
66
94
181
196
194
125
134
191
176
96
71
65
64
65
67
91
67
71
66
64
67
69
73
68
64
71
66
67
64
64
71
69
88
66
64
64
67
71
92
167
134
132
131
71
69
63
64
66
85
67
67
66
65
70
72
66
63
64
67
77
80
65
65
67
66
70
64
63
64
66
100
112
105
66
63
62
63
63
64
69
65
63
80
83
73
65
66
71
93
71
63
63
68
66
62
64
63
64
70
64
64
64
63
65
70
64
65
70
94
72
69
67
77
87
65
64
65
83
64
63
63
61
62
63
65
90
77
64
65
72
80
65
67
77
72
64
64
76
75
70
62
66
92
73
64
64
75
77
67
67
70
64
63
64
85
65
64
68
64
62
72
64
70
80
63
64
65
65
63
73
73
78
65
60
60
67
62
