193
175
198
181
182
177
165
173
177
185
182
179
165
150
131
112
130
146
160
172
174
165
158
145
156
129
112
109
108
128
124
143
140
143
144
156
129
133
125
126
138
138
161
120
129
129
124
145
167
127
118
111
120
137
131
129
149
111
105
105
107
155
145
147
133
123
147
129
144
155
146
125
94
89
95
107
139
118
126
125
125
96
80
81
79
91
115
121
121
134
156
118
117
107
97
85
73
80
86
92
118
117
125
125
147
176
151
149
103
103
102
91
97
87
83
87
85
129
111
81
113
107
142
86
91
99
92
102
78
89
97
97
152
182
160
146
130
163
197
213
121
97
87
93
97
99
100
92
89
97
109
101
111
92
102
83
99
92
88
94
96
105
118
100
84
104
167
218
203
145
189
226
151
194
214
203
89
78
81
95
107
105
95
91
89
92
97
84
111
85
80
115
91
103
97
89
89
93
111
105
85
73
76
81
99
192
200
147
209
227
222
202
155
188
116
96
72
81
73
81
93
123
128
87
76
84
121
100
109
93
78
88
83
100
95
123
80
68
93
128
130
94
80
76
72
78
71
72
134
185
186
189
220
174
185
190
195
156
79
86
71
75
71
73
79
81
104
125
113
76
76
112
92
84
93
95
76
103
75
101
131
120
121
133
100
81
81
78
73
71
71
70
92
87
103
172
169
125
138
143
136
133
125
142
186
189
85
81
80
72
69
67
77
99
93
91
131
168
173
174
172
92
71
105
73
86
75
88
85
161
150
146
160
184
158
121
147
146
81
67
81
86
76
72
154
211
160
94
136
110
124
128
104
120
129
127
168
186
115
81
77
95
69
91
163
179
170
153
178
149
141
147
174
115
94
84
84
142
146
138
102
125
133
172
192
190
152
135
159
179
183
179
158
86
91
97
100
131
145
165
126
87
124
107
131
135
184
158
150
119
136
76
129
105
110
157
120
143
145
147
162
184
186
170
154
140
207
226
217
198
203
179
154
186
146
102
198
201
208
215
224
225
234
227
188
149
162
181
184
178
161
171
195
158
134
108
89
128
123
85
146
167
182
191
167
136
147
182
184
167
94
92
147
154
139
105
121
171
221
152
171
176
179
139
184
156
206
227
238
235
223
217
195
209
127
110
111
112
165
209
200
216
227
233
229
188
116
152
123
165
179
166
133
178
181
151
118
200
161
105
93
77
96
163
157
123
130
189
126
186
116
125
152
87
73
108
95
96
174
169
175
133
158
143
138
167
170
113
121
92
176
223
221
224
217
204
211
157
111
121
113
117
127
131
146
179
222
209
217
222
227
222
144
94
146
170
153
156
120
103
121
137
178
134
95
102
165
124
78
131
141
104
136
126
101
96
68
96
87
139
135
88
121
162
178
81
75
119
127
121
97
85
107
153
162
205
126
94
209
227
231
227
222
229
229
167
166
169
140
147
191
163
198
189
157
200
221
230
227
223
232
218
162
107
181
179
127
81
105
118
120
95
93
70
78
131
195
152
81
71
113
136
116
78
72
73
70
75
65
129
179
125
72
65
119
159
174
84
81
78
73
92
109
181
97
85
133
170
134
113
187
218
223
199
219
211
211
165
195
208
218
179
182
172
159
223
231
217
185
211
210
209
203
206
207
184
167
107
157
176
112
123
152
137
73
72
78
73
75
136
134
124
68
72
89
152
168
77
79
72
71
68
73
78
75
95
121
163
105
72
69
84
113
139
91
117
92
69
78
115
121
162
158
166
144
158
177
192
208
206
205
206
211
211
211
234
233
207
121
138
121
125
163
227
238
220
211
202
203
201
204
209
209
188
206
135
152
145
111
130
79
71
71
84
162
165
139
118
67
67
72
145
158
118
84
72
79
78
71
71
89
73
75
87
83
79
72
113
188
119
84
68
65
94
159
213
159
77
71
72
84
97
116
138
141
177
217
208
206
204
197
195
195
204
208
220
230
201
118
113
115
113
120
108
163
222
223
205
207
195
195
197
202
206
213
210
193
143
120
112
86
78
73
75
73
110
210
174
120
64
68
84
138
145
138
67
69
77
78
73
81
102
134
171
105
109
81
69
65
65
64
70
105
111
135
123
69
70
146
174
174
89
77
78
101
89
86
72
120
136
185
211
211
208
192
195
200
197
205
208
222
198
129
110
108
157
159
131
119
131
176
205
209
205
200
200
198
191
201
211
211
200
145
101
73
80
101
163
136
84
138
154
153
154
85
79
143
138
107
75
65
65
70
69
69
72
88
111
111
172
179
157
84
78
72
81
71
86
69
65
65
73
89
153
104
111
92
124
88
140
149
145
194
183
89
78
143
157
170
213
213
202
195
198
200
198
198
205
193
172
155
117
130
160
158
152
173
179
125
117
163
130
195
206
203
204
198
203
197
201
209
201
182
210
188
94
159
224
166
135
110
83
81
146
110
120
97
99
64
65
65
64
73
73
77
84
72
75
86
158
188
174
131
78
81
73
83
77
65
67
65
63
65
63
64
81
87
105
169
163
107
85
75
144
178
190
160
186
225
200
181
209
205
200
190
186
206
204
206
203
136
113
142
131
168
192
185
157
176
197
187
189
173
136
107
112
151
207
208
210
203
192
200
198
208
186
172
227
216
147
131
169
154
85
84
173
167
186
112
81
76
67
64
64
64
65
65
64
65
70
87
81
70
73
108
108
87
81
68
68
78
91
69
65
63
64
64
70
76
73
72
67
75
87
134
145
198
157
133
95
145
115
78
173
227
197
173
197
211
204
202
200
210
210
208
155
115
104
118
172
184
191
193
195
188
179
189
189
194
185
181
125
101
109
125
174
209
210
210
206
206
211
198
166
169
231
205
75
79
117
125
154
138
179
155
119
117
83
77
81
94
97
87
71
68
65
65
65
68
83
92
73
65
73
81
69
67
64
68
81
84
67
65
65
84
71
73
76
94
96
121
101
84
96
159
113
136
108
144
151
201
99
92
131
232
222
155
151
195
211
207
211
207
209
181
134
115
101
112
138
166
202
195
184
184
178
166
185
184
195
197
192
149
117
118
112
127
140
177
199
189
201
195
197
155
134
201
238
227
139
135
179
176
102
100
77
105
175
104
84
120
120
100
139
81
77
79
101
105
81
65
65
67
65
64
64
65
63
63
65
68
67
65
67
63
65
91
129
119
111
105
78
149
179
95
108
134
85
113
181
103
76
72
102
154
118
137
211
236
238
182
140
186
219
165
162
193
172
157
145
130
141
142
129
178
191
201
195
188
169
151
156
152
176
194
201
200
192
142
136
170
179
156
167
118
156
186
116
213
208
189
197
239
238
225
127
102
79
88
69
95
103
178
139
96
137
108
83
117
189
94
104
147
117
105
101
75
67
63
64
64
65
67
63
64
64
64
65
65
63
64
65
68
81
80
107
138
138
138
78
160
119
78
93
129
121
130
159
157
142
109
83
69
72
111
165
226
239
236
211
194
216
120
111
121
103
140
159
173
185
131
142
139
190
203
200
192
173
138
137
130
136
163
195
195
202
207
177
151
152
127
193
165
170
127
105
100
80
174
198
211
222
235
224
181
134
137
73
89
152
169
141
193
130
94
156
113
111
78
135
83
88
103
179
185
115
94
97
70
64
64
65
87
67
65
64
65
67
70
87
104
64
64
68
93
91
89
186
204
129
86
78
111
103
76
97
97
155
84
135
203
140
179
142
89
94
103
88
169
209
220
223
170
166
92
103
83
119
165
176
176
162
124
169
158
209
206
201
198
193
176
124
156
145
136
131
191
198
200
200
205
182
152
150
120
182
172
174
121
78
81
93
119
119
202
214
204
113
76
65
68
77
121
175
173
160
175
91
103
113
89
67
65
138
86
96
108
188
187
105
78
79
76
67
64
78
103
80
88
73
64
69
71
73
103
75
96
67
67
71
75
76
81
99
172
151
140
102
104
113
64
67
88
146
79
120
209
162
170
159
91
69
67
65
65
147
200
208
134
153
140
85
71
95
133
170
168
163
121
165
143
201
203
191
194
198
160
127
142
134
179
129
139
128
186
182
187
187
201
181
142
139
125
149
166
139
107
137
134
139
184
152
146
184
157
71
71
70
73
95
125
169
176
184
156
81
102
96
80
67
96
115
129
151
103
135
105
93
84
76
77
71
65
81
81
93
96
68
71
81
68
73
65
80
97
71
71
65
71
76
77
85
105
156
136
110
110
123
139
113
113
94
87
134
79
107
202
208
195
168
128
121
104
73
72
96
152
153
123
163
162
189
185
171
108
137
137
137
121
150
139
197
182
183
188
187
153
130
130
145
193
187
127
136
128
178
175
158
157
181
189
133
134
146
125
125
108
162
202
214
177
153
139
131
160
128
77
93
73
143
170
175
216
238
201
147
80
88
100
113
126
129
128
145
155
139
178
181
140
95
81
78
75
70
65
70
78
81
69
65
65
65
68
68
71
81
83
77
73
65
69
75
78
80
89
105
123
158
194
169
187
145
115
136
176
105
118
79
97
179
187
239
224
190
129
95
70
84
105
131
142
138
130
147
192
220
220
142
113
120
131
138
145
175
178
127
109
115
131
155
134
127
173
153
138
145
120
108
100
100
108
158
150
134
156
125
134
138
216
221
176
167
126
127
161
125
109
70
76
81
113
144
207
236
185
140
140
76
77
119
181
161
117
124
162
178
178
120
100
92
88
85
80
77
75
67
65
70
101
108
124
80
78
73
73
79
84
135
133
121
84
65
67
75
77
80
81
80
79
81
88
99
143
165
110
110
126
179
113
102
75
83
117
168
183
214
174
137
111
87
86
70
117
121
126
94
155
187
186
226
174
150
136
125
159
145
155
103
100
103
110
118
147
141
143
135
162
142
121
119
113
112
110
163
172
128
131
147
162
195
219
166
169
125
101
113
126
73
73
78
128
157
172
189
156
131
151
109
79
79
141
156
130
108
117
145
119
91
81
76
75
77
78
84
81
77
73
65
72
88
121
163
149
89
140
128
182
182
179
129
162
158
123
94
65
69
77
81
93
80
77
75
75
77
83
83
105
124
113
111
128
131
102
89
103
129
101
121
157
213
190
117
72
71
73
93
108
104
85
140
158
191
207
155
152
146
130
153
168
123
129
127
128
138
147
176
144
147
149
140
147
138
138
117
115
177
131
143
142
151
155
219
182
139
107
88
109
115
112
105
89
73
123
202
207
150
102
89
150
149
118
104
108
118
110
99
123
79
81
85
81
77
93
81
89
107
80
75
68
67
105
131
163
154
197
207
183
147
146
170
191
211
195
141
113
84
83
69
73
79
110
130
110
102
103
105
108
105
95
81
101
96
128
129
105
129
199
195
105
109
160
187
191
155
93
100
138
156
126
145
141
110
125
179
230
218
151
147
140
143
149
140
102
131
142
142
129
104
133
119
97
128
145
160
179
110
149
143
143
154
158
184
238
225
173
161
147
153
128
163
184
139
96
134
154
170
145
158
144
170
207
206
119
111
136
117
91
81
95
104
128
123
108
104
139
190
176
101
77
75
65
89
70
96
173
206
200
201
191
105
97
130
197
204
207
175
81
72
73
65
73
75
81
175
213
169
113
96
95
100
73
92
84
87
108
113
118
105
195
198
168
112
129
154
145
131
131
136
134
146
167
130
146
162
158
179
222
229
231
156
152
144
143
156
134
193
198
187
135
113
128
119
118
177
205
210
168
154
165
147
123
147
215
227
231
197
158
149
179
126
131
145
138
95
133
107
138
189
179
81
84
144
145
113
94
102
105
102
89
89
65
77
89
101
102
97
160
161
123
75
77
72
64
69
75
84
213
199
206
155
105
94
94
99
139
195
195
215
177
121
128
68
70
78
73
84
126
124
107
105
108
96
80
73
69
99
101
104
102
94
85
84
93
81
72
97
184
192
115
111
100
97
129
119
113
127
150
138
147
200
237
225
188
142
179
218
179
144
202
215
205
125
88
92
125
202
206
184
156
219
222
197
157
211
234
215
156
131
109
130
120
89
104
99
86
85
115
178
176
111
78
81
84
83
88
113
94
96
99
109
83
69
77
96
126
131
89
116
108
99
76
73
75
79
131
193
169
204
199
192
173
113
97
95
88
115
111
181
194
199
201
184
210
204
158
89
73
75
87
97
112
92
110
121
139
87
73
69
113
102
89
81
115
119
86
121
94
86
81
115
174
158
91
68
88
138
135
97
118
101
101
167
163
218
226
189
176
220
216
197
168
193
207
167
105
200
223
210
194
161
217
216
201
140
197
206
150
179
139
80
115
117
147
182
142
77
76
112
175
118
78
83
115
139
154
92
109
95
80
80
97
75
70
86
140
111
155
77
105
94
88
85
75
71
145
203
207
211
185
214
194
190
156
126
131
80
75
105
129
140
177
203
198
177
204
210
208
202
100
75
81
83
81
97
88
103
161
129
105
77
64
73
79
77
76
95
87
157
150
113
131
84
81
120
170
83
80
121
173
185
147
147
105
112
144
144
145
157
119
157
208
225
222
202
222
227
229
233
234
220
232
229
218
194
121
134
147
129
134
118
87
167
188
175
186
129
101
71
139
127
83
87
145
96
159
177
116
89
84
79
76
85
65
65
97
142
136
154
75
130
85
86
86
80
85
175
208
204
195
133
175
190
185
190
154
128
123
73
77
117
119
120
193
191
188
172
112
123
174
202
176
110
78
83
133
89
100
108
76
163
113
133
89
63
65
80
78
88
89
97
157
197
145
92
151
87
88
138
117
72
104
127
159
183
195
129
89
116
123
162
139
119
219
222
234
219
237
222
236
220
234
237
194
238
236
178
135
156
150
110
103
103
154
158
147
130
102
93
95
141
93
81
153
93
135
168
145
130
99
120
81
85
76
63
77
124
109
159
97
81
137
92
159
113
75
88
93
207
147
121
100
112
169
202
193
138
128
94
99
77
75
118
108
109
151
189
184
181
135
147
104
118
158
133
89
72
81
125
172
99
135
75
131
138
121
95
70
64
87
85
119
108
99
134
158
133
142
97
145
79
103
110
97
89
108
115
144
155
124
142
147
121
147
169
147
229
238
211
187
238
227
235
231
121
205
232
192
153
156
113
131
183
139
168
183
143
128
115
99
84
105
73
118
104
154
113
119
127
133
102
162
100
99
75
65
84
128
109
154
73
107
109
140
140
88
69
83
95
161
107
163
171
161
141
206
200
174
138
134
134
100
81
85
109
117
105
110
147
151
199
189
173
192
188
173
144
167
97
70
75
88
156
113
125
89
80
151
102
100
78
73
105
104
151
123
112
115
142
71
81
117
129
83
72
84
92
134
163
131
151
178
153
157
157
103
130
154
205
211
181
121
153
235
197
131
147
223
225
201
177
159
121
153
147
147
141
136
139
168
121
70
91
65
126
83
83
64
92
100
128
163
192
127
97
101
81
81
108
126
89
83
130
101
167
97
81
70
97
182
176
179
207
204
189
172
204
182
147
100
89
85
97
97
79
81
85
85
95
97
105
143
156
172
177
169
204
199
195
134
190
171
91
75
89
126
130
103
110
81
92
101
91
81
99
97
119
187
185
146
116
123
65
65
73
97
81
65
80
103
138
154
116
124
123
138
156
158
145
220
219
224
227
221
170
120
170
208
219
224
229
229
216
162
172
157
120
105
102
125
141
125
69
81
64
105
75
70
65
118
84
120
168
191
155
112
95
97
84
89
96
78
99
103
97
131
100
80
86
163
183
141
142
187
203
177
135
143
154
119
118
112
110
108
94
81
85
89
87
93
109
113
116
99
121
129
128
97
92
144
188
163
111
135
193
160
83
89
95
89
89
97
93
84
108
95
89
91
103
131
181
149
119
100
91
118
89
80
87
71
65
72
81
127
130
104
107
121
137
168
155
195
234
236
232
209
210
179
173
182
213
236
238
222
170
147
146
120
128
94
96
111
94
65
76
63
86
73
99
121
110
83
109
129
156
159
113
102
86
113
140
126
126
110
88
81
86
83
80
169
189
134
118
83
144
126
105
89
109
110
113
104
113
129
92
89
91
84
105
185
139
92
83
76
131
176
113
118
110
108
143
105
112
111
89
76
117
140
195
157
77
77
80
79
89
174
166
157
116
97
92
105
120
151
152
140
89
80
144
151
102
86
65
67
67
68
84
83
79
112
113
125
143
151
213
234
236
232
200
178
193
227
233
236
217
194
118
96
115
109
85
97
78
70
64
77
64
68
81
147
163
88
84
95
158
136
109
104
91
85
94
116
143
157
104
79
78
77
73
155
198
147
116
77
69
99
110
139
162
134
101
110
109
108
187
124
84
89
151
182
178
184
189
176
126
81
119
181
105
85
119
115
113
163
191
171
146
79
69
75
121
147
188
152
72
73
77
89
104
115
110
95
79
83
89
95
95
190
184
88
84
87
144
85
73
63
88
85
65
65
99
93
87
100
83
88
153
211
225
230
232
209
229
224
227
204
210
155
86
87
78
83
96
69
63
81
112
75
63
77
103
84
78
100
174
197
133
86
88
80
81
80
89
95
97
89
81
73
69
159
187
143
137
78
69
67
102
176
194
176
159
117
130
104
112
97
138
91
94
143
188
184
133
129
192
187
88
75
84
81
113
116
115
111
135
184
194
184
89
70
69
65
80
131
142
191
147
70
73
79
86
91
91
88
86
81
78
84
89
163
186
121
126
76
83
75
63
65
99
118
69
65
76
81
79
109
133
175
214
207
208
209
229
203
210
195
216
216
194
179
117
73
71
67
69
89
129
109
69
64
73
68
113
141
131
147
97
85
80
81
89
87
89
88
81
78
72
69
141
197
144
138
81
67
65
70
73
144
193
210
179
118
111
112
131
83
73
81
92
142
190
129
138
194
168
99
85
76
95
124
102
123
157
206
210
189
89
72
69
65
71
79
143
155
188
149
67
69
77
80
81
81
81
83
81
83
94
101
101
121
133
79
70
64
65
109
154
121
75
75
69
65
105
153
217
211
210
206
218
210
223
208
206
209
222
177
111
77
72
81
84
89
147
121
80
63
63
68
76
110
110
96
87
93
86
80
81
77
78
77
72
65
65
141
190
142
147
83
72
65
67
70
73
111
206
205
205
137
133
151
105
80
105
124
187
201
129
134
204
195
160
95
85
135
205
163
174
206
210
183
84
70
69
68
64
75
89
141
154
190
127
65
64
67
73
75
75
77
81
81
77
92
121
101
77
69
64
63
64
105
113
97
107
81
125
72
86
133
211
216
227
204
211
184
227
211
231
191
89
73
87
81
105
84
86
96
69
68
65
63
67
65
104
104
69
71
72
70
70
67
68
64
63
65
131
192
138
147
85
73
65
64
67
69
75
118
203
209
184
177
197
179
88
113
166
209
189
121
115
214
218
172
89
96
170
183
192
199
195
166
79
71
68
64
63
64
70
89
145
154
184
135
64
63
63
64
65
65
65
68
68
68
83
65
63
64
70
108
113
79
86
94
84
72
84
91
83
166
218
225
226
213
222
227
227
197
145
80
96
78
76
81
86
103
170
194
121
77
67
64
63
64
65
65
65
65
64
63
63
65
71
128
199
157
144
102
68
63
63
64
65
69
73
89
163
195
204
158
169
104
83
120
205
213
131
129
211
166
84
115
111
171
205
198
198
152
89
69
67
64
63
63
63
69
101
146
168
198
123
126
73
69
65
63
64
64
63
63
63
65
69
78
147
163
219
182
102
89
76
87
95
81
115
135
179
224
219
214
144
119
144
99
87
87
107
131
109
162
223
184
207
156
78
67
65
63
63
63
64
63
65
131
113
147
159
199
160
158
100
65
63
63
63
64
65
67
78
186
178
172
208
194
150
112
118
94
198
131
121
128
105
100
105
160
186
200
159
184
147
84
68
65
64
63
63
63
63
108
156
152
185
174
146
165
127
65
64
64
63
63
68
68
73
143
213
208
204
204
174
160
179
141
124
99
149
142
92
156
120
137
152
142
144
163
165
156
146
195
203
178
226
185
105
68
67
63
63
64
65
64
121
203
193
186
198
156
147
119
67
65
65
64
65
71
72
89
147
154
115
192
179
165
91
101
126
131
92
102
121
118
117
105
159
193
170
81
147
136
108
88
78
73
77
79
80
81
116
143
172
201
207
198
195
99
63
65
65
64
65
65
65
88
172
216
163
179
143
165
129
157
119
133
137
143
136
134
89
131
111
107
143
153
153
159
160
179
167
144
102
65
65
65
69
68
65
65
156
195
193
219
190
142
116
87
111
110
77
81
77
97
100
190
131
95
141
205
147
127
97
104
119
112
109
97
81
79
103
160
209
151
92
166
172
131
146
87
89
136
169
134
109
120
194
195
204
200
185
80
65
65
69
71
70
65
131
203
199
158
133
193
142
170
144
142
111
131
91
73
64
123
109
127
156
149
189
191
151
143
210
223
202
128
73
86
76
65
67
65
128
198
201
215
217
172
118
93
183
174
104
109
151
174
156
174
129
178
216
175
108
83
69
78
87
84
80
81
78
120
197
223
209
199
169
143
162
165
136
121
191
147
104
186
203
219
214
205
131
84
67
70
69
78
73
88
186
218
218
193
140
189
156
170
161
155
113
93
67
76
89
131
144
133
160
194
152
163
213
221
200
155
65
65
73
65
67
81
113
182
213
193
192
211
172
190
191
131
158
183
161
142
195
211
211
220
216
162
84
78
94
85
86
89
87
149
189
205
217
209
215
202
110
173
205
173
162
190
213
205
198
197
201
188
158
129
107
65
71
73
64
85
171
203
219
175
163
143
187
178
129
124
87
84
81
116
125
177
163
159
141
166
153
195
177
138
63
65
81
65
116
141
163
163
183
210
184
201
229
213
183
184
208
190
109
163
211
213
210
207
193
188
127
93
86
93
93
145
168
195
205
194
206
199
104
121
182
178
159
186
230
220
189
178
172
131
163
186
165
94
72
70
63
65
134
150
107
177
162
127
185
156
178
141
95
95
131
136
191
133
154
199
113
87
79
65
65
67
70
71
143
215
169
152
126
198
197
202
201
213
174
173
162
166
93
155
182
187
195
181
141
128
105
73
75
86
99
130
181
175
172
158
85
130
124
152
199
163
214
170
169
170
183
123
155
183
154
100
65
65
70
67
67
125
142
193
191
144
142
181
130
102
123
143
112
130
166
205
211
205
141
76
70
68
64
65
130
150
147
124
154
150
163
177
182
169
187
157
105
89
79
96
131
150
160
121
103
93
73
69
89
84
101
159
121
116
72
91
68
113
157
185
187
171
159
133
131
133
136
137
135
84
65
68
86
135
120
195
215
200
191
155
109
79
85
71
71
119
147
155
208
198
179
192
176
79
71
65
103
133
126
111
116
113
117
143
154
207
184
125
88
70
71
93
121
119
126
84
83
68
69
77
97
99
129
110
81
70
97
131
151
216
186
123
119
105
135
73
89
103
88
68
65
84
167
206
174
184
191
186
97
101
70
79
68
65
105
121
184
179
179
206
203
142
70
65
76
71
71
65
91
142
109
120
151
199
168
130
137
97
73
109
107
112
87
103
71
73
83
111
100
168
131
108
147
155
143
203
137
131
121
121
104
64
64
70
67
65
65
100
174
210
185
185
172
178
188
127
64
107
206
192
177
160
173
209
188
137
76
64
64
83
65
64
65
77
113
156
117
138
165
173
151
155
169
191
154
129
107
68
88
183
201
188
183
155
184
183
189
140
139
143
115
69
65
65
65
72
70
67
65
83
137
197
209
150
170
185
200
201
205
193
193
181
203
200
144
70
71
64
70
72
65
65
68
73
67
105
131
126
198
214
199
178
190
186
193
214
131
135
218
169
184
176
168
199
207
141
139
89
69
69
69
68
69
75
75
68
64
69
91
195
204
203
204
205
195
201
208
205
220
205
179
76
69
67
69
75
76
69
65
68
65
77
126
76
183
205
171
145
179
163
167
131
113
121
189
163
125
190
195
127
76
76
79
65
67
69
73
76
72
65
64
68
113
188
214
216
199
206
201
203
211
179
154
71
67
65
67
72
75
75
71
69
73
79
65
68
121
185
186
136
208
186
88
117
206
177
173
195
121
65
65
65
71
68
71
79
73
70
70
69
70
65
81
179
185
185
191
165
135
156
105
77
67
71
71
68
73
70
69
69
70
64
63
65
78
155
204
169
172
129
113
156
187
187
139
81
65
64
65
68
68
67
72
69
71
69
69
68
95
101
97
85
73
81
76
86
69
69
71
71
73
73
65
65
68
65
70
78
146
167
183
165
105
105
183
188
184
135
70
68
65
68
64
68
81
71
73
71
68
79
81
71
70
65
68
91
68
65
68
72
70
85
69
65
65
65
67
95
182
197
195
126
134
192
176
97
71
65
65
65
68
92
67
71
67
65
68
70
73
69
65
71
67
67
65
65
71
70
89
67
65
64
67
72
92
168
135
133
131
72
69
64
65
67
85
68
68
67
65
71
73
67
64
65
68
77
80
65
65
68
67
70
65
63
64
67
101
113
105
67
64
63
64
64
65
69
65
64
80
83
73
65
67
72
93
72
64
64
68
67
63
64
64
64
70
65
64
64
63
65
70
64
65
70
94
72
69
67
78
87
65
64
65
83
65
64
63
62
62
63
65
91
78
64
65
73
80
65
67
77
72
65
65
77
75
70
62
67
93
73
64
64
76
77
68
67
71
64
64
65
85
65
65
69
64
63
73
65
70
81
64
64
65
65
64
73
73
78
65
60
60
68
63
